0.09
(0, 26) (0, 14) 34777 53530 34777 53530
(0, 28) (51, 67) 34777 63662 38862 59577
(0, 43) (70, 97) 34777 44058 40907 37928
(0, 49) (19, 30) 34777 9150 31136 12791
(0, 54) (81, 104) 34777 10697 1066 44408
(0, 68) (70, 113) 34777 40687 40907 34557
(0, 103) (26, 30) 34777 31544 53530 12791
(0, 105) (32, 80) 34777 35520 55419 14878
(1, 36) (16, 87) 2390 17806 13822 6374
(1, 44) (12, 83) 2390 37203 15852 23741
(1, 51) (48, 62) 2390 38862 8571 32681
(1, 60) (7, 65) 2390 41626 37933 6083
(1, 65) (57, 81) 2390 6083 7407 1066
(1, 76) (51, 91) 2390 38509 38862 2037
(2, 26) (2, 14) 64752 53530 64752 53530
(2, 88) (97, 113) 64752 7733 37928 34557
(3, 17) (47, 98) 14062 24930 35132 3860
(3, 26) (3, 14) 14062 53530 14062 53530
(3, 31) (58, 89) 14062 42134 41033 15163
(3, 35) (37, 41) 14062 54867 3436 65493
(3, 82) (80, 89) 14062 15979 14878 15163
(3, 107) (49, 71) 14062 9518 9150 14430
(4, 14) (10, 11) 5416 53530 50011 8935
(4, 26) (4, 14) 5416 53530 5416 53530
(4, 46) (28, 42) 5416 58603 63662 357
(4, 51) (9, 50) 5416 38862 26645 17633
(4, 76) (18, 86) 5416 38509 6815 37110
(4, 78) (44, 80) 5416 46665 37203 14878
(4, 83) (36, 75) 5416 23741 17806 11351
(4, 84) (3, 45) 5416 53591 14062 44945
(5, 14) (5, 26) 22635 53530 22635 53530
(5, 25) (4, 90) 22635 42870 5416 60089
(5, 26) (5, 14) 22635 53530 22635 53530
(5, 26) (47, 58) 22635 53530 35132 41033
(6, 14) (6, 26) 29035 53530 29035 53530
(6, 20) (85, 102) 29035 47040 20056 56019
(6, 26) (6, 14) 29035 53530 29035 53530
(6, 84) (104, 114) 29035 53591 44408 38218
(6, 87) (27, 61) 29035 6374 18143 17266
(6, 111) (8, 17) 29035 24008 28113 24930
(7, 14) (7, 26) 37933 53530 37933 53530
(7, 70) (97, 108) 37933 40907 37928 40912
(7, 71) (36, 113) 37933 14430 17806 34557
(7, 112) (20, 51) 37933 47969 47040 38862
(8, 17) (6, 111) 28113 24930 29035 24008
(8, 19) (17, 56) 28113 31136 24930 34319
(8, 26) (8, 14) 28113 53530 28113 53530
(9, 26) (9, 14) 26645 53530 26645 53530
(9, 43) (31, 40) 26645 44058 42134 28569
(9, 50) (4, 51) 26645 17633 5416 38862
(9, 115) (49, 94) 26645 5661 9150 23156
(10, 11) (4, 14) 50011 8935 5416 53530
(10, 11) (4, 26) 50011 8935 5416 53530
(10, 12) (53, 95) 50011 15852 63731 2132
(10, 12) (56, 103) 50011 15852 34319 31544
(10, 14) (10, 26) 50011 53530 50011 53530
(10, 66) (63, 111) 50011 20980 46983 24008
(11, 13) (82, 115) 8935 12705 15979 5661
(11, 14) (11, 26) 8935 53530 8935 53530
(11, 69) (59, 72) 8935 42139 48267 2807
(12, 53) (46, 66) 15852 63731 58603 20980
(13, 20) (5, 86) 12705 47040 22635 37110
(13, 26) (13, 14) 12705 53530 12705 53530
(13, 40) (61, 111) 12705 28569 17266 24008
(13, 74) (30, 45) 12705 45031 12791 44945
(14, 15) (15, 26) 53530 59916 59916 53530
(14, 16) (16, 26) 53530 13822 13822 53530
(14, 18) (18, 26) 53530 6815 6815 53530
(14, 19) (19, 26) 53530 31136 31136 53530
(14, 20) (20, 26) 53530 47040 47040 53530
(14, 21) (21, 26) 53530 30513 30513 53530
(14, 22) (22, 26) 53530 59742 59742 53530
(14, 23) (23, 26) 53530 20040 20040 53530
(14, 24) (24, 26) 53530 46561 46561 53530
(14, 25) (25, 26) 53530 42870 42870 53530
(14, 30) (26, 30) 53530 12791 53530 12791
(14, 32) (26, 32) 53530 55419 53530 55419
(14, 35) (26, 35) 53530 54867 53530 54867
(14, 37) (26, 37) 53530 3436 53530 3436
(14, 38) (26, 38) 53530 55396 53530 55396
(14, 39) (26, 39) 53530 776 53530 776
(14, 40) (26, 40) 53530 28569 53530 28569
(14, 42) (26, 42) 53530 357 53530 357
(14, 46) (26, 46) 53530 58603 53530 58603
(14, 49) (19, 103) 53530 9150 31136 31544
(14, 50) (26, 50) 53530 17633 53530 17633
(14, 53) (26, 53) 53530 63731 53530 63731
(14, 54) (26, 54) 53530 10697 53530 10697
(14, 58) (26, 58) 53530 41033 53530 41033
(14, 59) (26, 59) 53530 48267 53530 48267
(14, 60) (26, 60) 53530 41626 53530 41626
(14, 61) (26, 61) 53530 17266 53530 17266
(14, 62) (26, 62) 53530 32681 53530 32681
(14, 63) (26, 63) 53530 46983 53530 46983
(14, 67) (26, 67) 53530 59577 53530 59577
(14, 70) (26, 70) 53530 40907 53530 40907
(14, 71) (26, 71) 53530 14430 53530 14430
(14, 74) (26, 74) 53530 45031 53530 45031
(14, 77) (26, 77) 53530 26592 53530 26592
(14, 78) (26, 78) 53530 46665 53530 46665
(14, 80) (26, 80) 53530 14878 53530 14878
(14, 82) (26, 82) 53530 15979 53530 15979
(14, 83) (26, 83) 53530 23741 53530 23741
(14, 84) (26, 84) 53530 53591 53530 53591
(14, 86) (26, 86) 53530 37110 53530 37110
(14, 87) (26, 87) 53530 6374 53530 6374
(14, 89) (26, 89) 53530 15163 53530 15163
(14, 90) (26, 90) 53530 60089 53530 60089
(14, 91) (26, 91) 53530 2037 53530 2037
(14, 94) (26, 94) 53530 23156 53530 23156
(14, 95) (26, 95) 53530 2132 53530 2132
(14, 97) (26, 97) 53530 37928 53530 37928
(14, 98) (26, 98) 53530 3860 53530 3860
(14, 99) (26, 99) 53530 58242 53530 58242
(14, 100) (26, 100) 53530 24806 53530 24806
(14, 100) (62, 96) 53530 24806 32681 45655
(14, 101) (26, 101) 53530 64130 53530 64130
(14, 102) (26, 102) 53530 56019 53530 56019
(14, 103) (26, 103) 53530 31544 53530 31544
(14, 104) (26, 104) 53530 44408 53530 44408
(14, 109) (26, 109) 53530 7132 53530 7132
(14, 110) (26, 110) 53530 36588 53530 36588
(14, 111) (26, 111) 53530 24008 53530 24008
(14, 113) (26, 113) 53530 34557 53530 34557
(14, 114) (26, 114) 53530 38218 53530 38218
(16, 21) (44, 109) 13822 30513 37203 7132
(16, 26) (14, 16) 13822 53530 53530 13822
(16, 58) (55, 97) 13822 41033 16927 37928
(16, 87) (1, 36) 13822 6374 2390 17806
(16, 104) (20, 106) 13822 44408 47040 11190
(17, 26) (14, 17) 24930 53530 53530 24930
(17, 31) (103, 105) 24930 42134 31544 35520
(17, 34) (44, 68) 24930 52960 37203 40687
(17, 56) (8, 19) 24930 34319 28113 31136
(17, 79) (56, 71) 24930 23819 34319 14430
(17, 99) (58, 69) 24930 58242 41033 42139
(18, 51) (25, 72) 6815 38862 42870 2807
(18, 69) (16, 47) 6815 42139 13822 35132
(19, 27) (75, 97) 31136 18143 11351 37928
(19, 30) (0, 49) 31136 12791 34777 9150
(19, 38) (21, 102) 31136 55396 30513 56019
(19, 104) (21, 74) 31136 44408 30513 45031
(19, 107) (3, 77) 31136 9518 14062 26592
(20, 51) (7, 112) 47040 38862 37933 47969
(21, 26) (14, 21) 30513 53530 53530 30513
(21, 36) (57, 108) 30513 17806 7407 40912
(21, 74) (19, 104) 30513 45031 31136 44408
(21, 104) (53, 106) 30513 44408 63731 11190
(22, 26) (14, 22) 59742 53530 53530 59742
(22, 64) (28, 115) 59742 9581 63662 5661
(23, 26) (14, 23) 20040 53530 53530 20040
(23, 29) (69, 98) 20040 25959 42139 3860
(23, 40) (92, 100) 20040 28569 23803 24806
(23, 104) (35, 64) 20040 44408 54867 9581
(24, 26) (14, 24) 46561 53530 53530 46561
(25, 26) (14, 25) 42870 53530 53530 42870
(25, 69) (7, 33) 42870 42139 37933 47076
(25, 72) (18, 51) 42870 2807 6815 38862
(26, 29) (14, 29) 53530 25959 53530 25959
(26, 30) (0, 103) 53530 12791 34777 31544
(26, 31) (14, 31) 53530 42134 53530 42134
(26, 32) (14, 32) 53530 55419 53530 55419
(26, 33) (14, 33) 53530 47076 53530 47076
(26, 37) (14, 37) 53530 3436 53530 3436
(26, 39) (14, 39) 53530 776 53530 776
(26, 41) (14, 41) 53530 65493 53530 65493
(26, 42) (14, 42) 53530 357 53530 357
(26, 43) (14, 43) 53530 44058 53530 44058
(26, 44) (14, 44) 53530 37203 53530 37203
(26, 48) (14, 48) 53530 8571 53530 8571
(26, 49) (19, 103) 53530 9150 31136 31544
(26, 50) (14, 50) 53530 17633 53530 17633
(26, 52) (14, 52) 53530 11041 53530 11041
(26, 53) (14, 53) 53530 63731 53530 63731
(26, 54) (14, 54) 53530 10697 53530 10697
(26, 55) (14, 55) 53530 16927 53530 16927
(26, 57) (14, 57) 53530 7407 53530 7407
(26, 59) (14, 59) 53530 48267 53530 48267
(26, 60) (14, 60) 53530 41626 53530 41626
(26, 63) (14, 63) 53530 46983 53530 46983
(26, 64) (14, 64) 53530 9581 53530 9581
(26, 67) (14, 67) 53530 59577 53530 59577
(26, 68) (14, 68) 53530 40687 53530 40687
(26, 70) (14, 70) 53530 40907 53530 40907
(26, 71) (14, 71) 53530 14430 53530 14430
(26, 73) (14, 73) 53530 6637 53530 6637
(26, 74) (14, 74) 53530 45031 53530 45031
(26, 75) (14, 75) 53530 11351 53530 11351
(26, 76) (14, 76) 53530 38509 53530 38509
(26, 77) (14, 77) 53530 26592 53530 26592
(26, 78) (14, 78) 53530 46665 53530 46665
(26, 79) (14, 79) 53530 23819 53530 23819
(26, 80) (14, 80) 53530 14878 53530 14878
(26, 81) (14, 81) 53530 1066 53530 1066
(26, 83) (14, 83) 53530 23741 53530 23741
(26, 83) (47, 69) 53530 23741 35132 42139
(26, 84) (14, 84) 53530 53591 53530 53591
(26, 86) (14, 86) 53530 37110 53530 37110
(26, 87) (14, 87) 53530 6374 53530 6374
(26, 88) (14, 88) 53530 7733 53530 7733
(26, 90) (14, 90) 53530 60089 53530 60089
(26, 91) (14, 91) 53530 2037 53530 2037
(26, 92) (14, 92) 53530 23803 53530 23803
(26, 94) (14, 94) 53530 23156 53530 23156
(26, 95) (14, 95) 53530 2132 53530 2132
(26, 96) (14, 96) 53530 45655 53530 45655
(26, 98) (14, 98) 53530 3860 53530 3860
(26, 100) (14, 100) 53530 24806 53530 24806
(26, 101) (14, 101) 53530 64130 53530 64130
(26, 103) (14, 103) 53530 31544 53530 31544
(26, 104) (14, 104) 53530 44408 53530 44408
(26, 114) (14, 114) 53530 38218 53530 38218
(27, 104) (32, 109) 18143 44408 55419 7132
(28, 42) (4, 46) 63662 357 5416 58603
(28, 111) (63, 68) 63662 24008 46983 40687
(28, 115) (22, 64) 63662 5661 59742 9581
(29, 61) (73, 110) 25959 17266 6637 36588
(29, 94) (63, 95) 25959 23156 46983 2132
(30, 92) (91, 113) 12791 23803 2037 34557
(30, 103) (16, 21) 12791 31544 13822 30513
(30, 103) (44, 109) 12791 31544 37203 7132
(31, 32) (19, 97) 42134 55419 31136 37928
(31, 51) (104, 110) 42134 38862 44408 36588
(31, 80) (58, 82) 42134 14878 41033 15979
(31, 98) (51, 109) 42134 3860 38862 7132
(32, 92) (66, 99) 55419 23803 20980 58242
(32, 109) (27, 104) 55419 7132 18143 44408
(32, 113) (45, 74) 55419 34557 44945 45031
(32, 114) (24, 33) 55419 38218 46561 47076
(33, 103) (7, 68) 47076 31544 37933 40687
(33, 115) (62, 85) 47076 5661 32681 20056
(35, 64) (23, 104) 54867 9581 20040 44408
(35, 80) (28, 65) 54867 14878 63662 6083
(36, 89) (49, 79) 17806 15163 9150 23819
(37, 41) (3, 35) 3436 65493 14062 54867
(37, 45) (3, 56) 3436 44945 14062 34319
(37, 75) (42, 71) 3436 11351 357 14430
(37, 78) (95, 112) 3436 46665 2132 47969
(37, 104) (62, 89) 3436 44408 32681 15163
(37, 112) (74, 87) 3436 47969 45031 6374
(38, 48) (20, 55) 55396 8571 47040 16927
(38, 64) (46, 87) 55396 9581 58603 6374
(38, 65) (29, 105) 55396 6083 25959 35520
(38, 74) (102, 104) 55396 45031 56019 44408
(38, 80) (54, 67) 55396 14878 10697 59577
(39, 47) (12, 85) 776 35132 15852 20056
(39, 78) (5, 100) 776 46665 22635 24806
(39, 110) (72, 113) 776 36588 2807 34557
(40, 85) (54, 97) 28569 20056 10697 37928
(40, 85) (79, 100) 28569 20056 23819 24806
(41, 56) (35, 45) 65493 34319 54867 44945
(41, 85) (20, 76) 65493 20056 47040 38509
(41, 95) (58, 77) 65493 2132 41033 26592
(42, 71) (37, 75) 357 14430 3436 11351
(44, 107) (81, 96) 37203 9518 1066 45655
(44, 109) (30, 103) 37203 7132 12791 31544
(45, 61) (18, 38) 44945 17266 6815 55396
(45, 74) (32, 113) 44945 45031 55419 34557
(45, 77) (57, 101) 44945 26592 7407 64130
(46, 54) (5, 78) 58603 10697 22635 46665
(46, 66) (12, 53) 58603 20980 15852 63731
(47, 98) (3, 17) 35132 3860 14062 24930
(48, 78) (64, 96) 8571 46665 9581 45655
(49, 60) (72, 112) 9150 41626 2807 47969
(49, 79) (36, 89) 9150 23819 17806 15163
(49, 94) (9, 115) 9150 23156 26645 5661
(50, 63) (87, 99) 17633 46983 6374 58242
(50, 76) (24, 64) 17633 38509 46561 9581
(50, 90) (15, 36) 17633 60089 59916 17806
(51, 67) (0, 28) 38862 59577 34777 63662
(51, 103) (78, 83) 38862 31544 46665 23741
(51, 109) (31, 98) 38862 7132 42134 3860
(52, 59) (81, 99) 11041 48267 1066 58242
(53, 54) (11, 41) 63731 10697 8935 65493
(53, 85) (59, 105) 63731 20056 48267 35520
(53, 95) (56, 103) 63731 2132 34319 31544
(53, 106) (21, 104) 63731 11190 30513 44408
(54, 90) (63, 92) 10697 60089 46983 23803
(54, 97) (79, 100) 10697 37928 23819 24806
(54, 112) (50, 58) 10697 47969 17633 41033
(55, 97) (16, 58) 16927 37928 13822 41033
(56, 71) (17, 79) 34319 14430 24930 23819
(56, 97) (77, 96) 34319 37928 26592 45655
(57, 81) (1, 65) 7407 1066 2390 6083
(57, 101) (45, 77) 7407 64130 44945 26592
(57, 108) (21, 36) 7407 40912 30513 17806
(58, 72) (44, 73) 41033 2807 37203 6637
(58, 77) (41, 95) 41033 26592 65493 2132
(58, 83) (5, 69) 41033 23741 22635 42139
(58, 89) (3, 31) 41033 15163 14062 42134
(59, 72) (11, 69) 48267 2807 8935 42139
(59, 105) (53, 85) 48267 35520 63731 20056
(60, 85) (18, 35) 41626 20056 6815 54867
(61, 67) (15, 55) 17266 59577 59916 16927
(61, 104) (7, 83) 17266 44408 37933 23741
(62, 79) (66, 105) 32681 23819 20980 35520
(62, 88) (16, 77) 32681 7733 13822 26592
(62, 89) (37, 104) 32681 15163 3436 44408
(62, 100) (107, 112) 32681 24806 9518 47969
(63, 68) (28, 111) 46983 40687 63662 24008
(63, 95) (29, 94) 46983 2132 25959 23156
(63, 106) (61, 70) 46983 11190 17266 40907
(63, 111) (10, 66) 46983 24008 50011 20980
(63, 115) (24, 65) 46983 5661 46561 6083
(64, 93) (78, 94) 9581 60240 46665 23156
(65, 76) (87, 114) 6083 38509 6374 38218
(66, 84) (21, 43) 20980 53591 30513 44058
(66, 105) (62, 79) 20980 35520 32681 23819
(66, 113) (55, 59) 20980 34557 16927 48267
(68, 97) (43, 113) 40687 37928 44058 34557
(70, 73) (83, 92) 40907 6637 23741 23803
(70, 97) (0, 43) 40907 37928 34777 44058
(70, 113) (0, 68) 40907 34557 34777 40687
(71, 86) (104, 109) 14430 37110 44408 7132
(72, 73) (57, 91) 2807 6637 7407 2037
(72, 113) (39, 110) 2807 34557 776 36588
(73, 110) (29, 61) 6637 36588 25959 17266
(76, 91) (37, 86) 38509 2037 3436 37110
(77, 102) (46, 111) 26592 56019 58603 24008
(78, 83) (51, 103) 46665 23741 38862 31544
(78, 94) (64, 93) 46665 23156 9581 60240
(79, 100) (40, 85) 23819 24806 28569 20056
(80, 89) (3, 82) 14878 15163 14062 15979
(80, 114) (7, 89) 14878 38218 37933 15163
(81, 99) (52, 59) 1066 58242 11041 48267
(81, 104) (0, 54) 1066 44408 34777 10697
(85, 92) (23, 79) 20056 23803 20040 23819
(87, 114) (65, 76) 6374 38218 6083 38509
(88, 94) (65, 100) 7733 23156 6083 24806
(91, 108) (27, 100) 2037 40912 18143 24806
(92, 93) (14, 21) 23803 60240 53530 30513
(92, 93) (21, 26) 23803 60240 30513 53530
(92, 100) (23, 40) 23803 24806 20040 28569
(92, 113) (13, 96) 23803 34557 12705 45655
(93, 94) (67, 79) 60240 23156 59577 23819
(94, 96) (48, 93) 23156 45655 8571 60240
(95, 103) (5, 52) 2132 31544 22635 11041
(98, 111) (13, 89) 3860 24008 12705 15163
(100, 112) (113, 114) 24806 47969 34557 38218
(101, 115) (62, 86) 64130 5661 32681 37110
(104, 110) (31, 51) 44408 36588 42134 38862
(104, 114) (6, 84) 44408 38218 29035 53591
(105, 114) (15, 16) 35520 38218 59916 13822
(107, 111) (1, 19) 9518 24008 2390 31136
(113, 114) (100, 112) 34557 38218 24806 47969
0.1
(0, 35) (63, 79) 9011 54584 55092 8503
(0, 60) (42, 78) 9011 53971 59220 3762
(3, 76) (2, 94) 11371 33252 33609 11014
(3, 108) (8, 19) 11371 55698 32334 34735
(5, 54) (20, 69) 59956 46733 64575 42114
(5, 110) (11, 77) 59956 25835 21391 64400
(7, 24) (8, 13) 9827 33089 32334 10582
(7, 84) (27, 102) 9827 30104 21935 17996
(8, 18) (27, 51) 32334 34042 21935 44441
(8, 19) (3, 108) 32334 34735 11371 55698
(8, 37) (26, 62) 32334 26493 15195 43632
(8, 109) (46, 73) 32334 18717 17549 33502
(9, 22) (77, 115) 47080 36728 64400 19408
(9, 109) (87, 92) 47080 18717 8597 57200
(10, 44) (28, 85) 28255 29177 30245 27187
(10, 56) (28, 43) 28255 45314 30245 43324
(11, 52) (95, 97) 21391 43167 8347 56211
(11, 77) (5, 110) 21391 64400 59956 25835
(11, 98) (19, 106) 21391 47992 34735 34648
(12, 102) (46, 67) 3017 17996 17549 3464
(13, 59) (30, 39) 10582 23144 26981 6745
(13, 109) (67, 110) 10582 18717 3464 25835
(14, 53) (55, 107) 37361 25190 62419 132
(14, 76) (29, 37) 37361 33252 44120 26493
(14, 76) (65, 93) 37361 33252 11020 59593
(17, 101) (38, 74) 36564 52106 34222 54448
(18, 62) (70, 73) 34042 43632 20964 33502
(19, 27) (15, 52) 34735 21935 13503 43167
(19, 106) (11, 98) 34735 34648 21391 47992
(20, 74) (57, 97) 64575 54448 62812 56211
(20, 78) (16, 105) 64575 3762 16408 51929
(20, 80) (54, 93) 64575 41751 46733 59593
(20, 89) (4, 104) 64575 12903 23329 54149
(22, 24) (37, 43) 36728 33089 26493 43324
(22, 101) (80, 100) 36728 52106 41751 47083
(22, 113) (52, 60) 36728 60410 43167 53971
(23, 88) (12, 113) 4339 59088 3017 60410
(24, 40) (36, 58) 33089 36802 56895 12996
(24, 56) (4, 86) 33089 45314 23329 55074
(25, 104) (51, 83) 37560 54149 44441 47268
(26, 29) (8, 30) 15195 44120 32334 26981
(27, 109) (15, 66) 21935 18717 13503 27149
(28, 68) (37, 99) 30245 57982 26493 61734
(28, 85) (10, 44) 30245 27187 28255 29177
(29, 37) (14, 76) 44120 26493 37361 33252
(29, 37) (30, 62) 44120 26493 26981 43632
(29, 76) (83, 84) 44120 33252 47268 30104
(30, 32) (38, 87) 26981 15838 34222 8597
(30, 51) (10, 52) 26981 44441 28255 43167
(30, 56) (19, 25) 26981 45314 34735 37560
(30, 62) (14, 76) 26981 43632 37361 33252
(31, 38) (75, 103) 5332 34222 21953 17601
(32, 102) (15, 82) 15838 17996 13503 20331
(33, 65) (78, 114) 47331 11020 3762 54589
(36, 83) (41, 64) 56895 47268 59866 44297
(38, 89) (27, 53) 34222 12903 21935 25190
(39, 60) (46, 52) 6745 53971 17549 43167
(39, 63) (81, 93) 6745 55092 2244 59593
(39, 75) (15, 26) 6745 21953 13503 15195
(41, 99) (77, 92) 59866 61734 64400 57200
(42, 107) (80, 103) 59220 132 41751 17601
(42, 108) (57, 101) 59220 55698 62812 52106
(43, 53) (16, 101) 43324 25190 16408 52106
(44, 71) (76, 114) 29177 58664 33252 54589
(45, 113) (55, 108) 57707 60410 62419 55698
(46, 52) (39, 60) 17549 43167 6745 53971
(49, 102) (59, 100) 52231 17996 23144 47083
(50, 60) (34, 88) 54016 53971 48899 59088
(51, 68) (33, 63) 44441 57982 47331 55092
(51, 94) (73, 75) 44441 11014 33502 21953
(56, 77) (50, 108) 45314 64400 54016 55698
(57, 101) (42, 108) 62812 52106 59220 55698
(58, 101) (27, 52) 12996 52106 21935 43167
(58, 105) (31, 93) 12996 51929 5332 59593
(59, 83) (4, 100) 23144 47268 23329 47083
(61, 87) (66, 91) 22193 8597 27149 3641
(62, 108) (50, 56) 43632 55698 54016 45314
(63, 77) (6, 60) 55092 64400 65521 53971
(63, 79) (0, 35) 55092 8503 9011 54584
(64, 73) (96, 101) 44297 33502 25693 52106
(65, 93) (30, 62) 11020 59593 26981 43632
(65, 96) (102, 109) 11020 25693 17996 18717
(65, 114) (15, 101) 11020 54589 13503 52106
(67, 99) (31, 41) 3464 61734 5332 59866
(67, 101) (91, 105) 3464 52106 3641 51929
(70, 85) (15, 106) 20964 27187 13503 34648
(70, 88) (22, 43) 20964 59088 36728 43324
(70, 101) (86, 102) 20964 52106 55074 17996
(72, 75) (39, 59) 7936 21953 6745 23144
(72, 99) (13, 88) 7936 61734 10582 59088
(73, 88) (48, 74) 33502 59088 38142 54448
(73, 103) (52, 72) 33502 17601 43167 7936
(75, 114) (82, 97) 21953 54589 20331 56211
(76, 78) (7, 85) 33252 3762 9827 27187
(76, 81) (66, 95) 33252 2244 27149 8347
(76, 100) (92, 111) 33252 47083 57200 23135
(78, 105) (46, 48) 3762 51929 17549 38142
(80, 100) (22, 101) 41751 47083 36728 52106
(81, 92) (2, 110) 2244 57200 33609 25835
(81, 93) (39, 63) 2244 59593 6745 55092
(82, 113) (90, 106) 20331 60410 46093 34648
(86, 91) (12, 108) 55074 3641 3017 55698
(90, 106) (82, 113) 46093 34648 20331 60410
(92, 111) (76, 100) 57200 23135 33252 47083
(94, 104) (47, 56) 11014 54149 19849 45314
(97, 103) (24, 49) 56211 17601 33089 52231
(101, 102) (88, 94) 52106 17996 59088 11014
(101, 112) (50, 88) 52106 60998 54016 59088
(111, 112) (33, 40) 23135 60998 47331 36802
0.06
(0, 2, 3) (9, 13, 15) 29288 48990 27469 53490
(0, 7, 23) (4, 8, 21) 29288 30503 11730 26634
(0, 8, 16) (6, 11, 25) 29288 26634 2194 42871
(0, 8, 23) (1, 10, 29) 29288 26634 22293 38804
(0, 9, 20) (7, 10, 23) 29288 27469 30503 38804
(0, 11, 28) (0, 14, 20) 29288 42871 29288 45162
(0, 22, 29) (19, 23, 24) 29288 46972 9262 36176
(0, 24, 25) (5, 16, 20) 29288 61823 53242 8238
(1, 3, 19) (9, 18, 23) 22293 32808 27469 718
(1, 6, 14) (10, 15, 18) 22293 2194 38804 30127
(1, 8, 10) (2, 7, 16) 22293 26634 48990 30503
(1, 9, 12) (1, 19, 21) 22293 27469 22293 9262
(1, 10, 21) (15, 27, 29) 22293 38804 30127 57572
(1, 10, 29) (0, 8, 23) 22293 38804 29288 26634
(1, 11, 28) (1, 14, 20) 22293 42871 22293 45162
(1, 14, 20) (1, 11, 28) 22293 45162 22293 42871
(1, 18, 24) (12, 19, 23) 22293 718 39396 9262
(1, 19, 21) (1, 9, 12) 22293 9262 22293 27469
(1, 22, 23) (14, 19, 28) 22293 46972 45162 9262
(1, 22, 27) (10, 11, 14) 22293 46972 38804 42871
(1, 24, 25) (10, 26, 27) 22293 61823 38804 6835
(2, 3, 25) (7, 12, 17) 48990 32808 30503 39396
(2, 4, 22) (17, 21, 25) 48990 11730 30994 57603
(2, 7, 16) (1, 8, 10) 48990 30503 22293 26634
(2, 8, 29) (10, 20, 25) 48990 26634 38804 48726
(2, 9, 12) (2, 19, 21) 48990 27469 48990 9262
(2, 12, 20) (14, 15, 24) 48990 39396 45162 30127
(2, 13, 18) (3, 12, 17) 48990 53490 32808 39396
(2, 19, 21) (2, 9, 12) 48990 9262 48990 27469
(2, 25, 29) (0, 10, 17) 48990 19095 29288 38804
(3, 4, 12) (15, 22, 26) 32808 11730 30127 46972
(3, 4, 24) (8, 20, 29) 32808 11730 26634 48726
(3, 8, 13) (11, 16, 24) 32808 26634 42871 8238
(3, 9, 12) (3, 19, 21) 32808 27469 32808 9262
(3, 9, 24) (7, 11, 20) 32808 27469 30503 42871
(3, 10, 22) (8, 15, 24) 32808 38804 26634 30127
(3, 11, 28) (3, 14, 20) 32808 42871 32808 45162
(3, 12, 17) (2, 13, 18) 32808 39396 48990 53490
(3, 14, 20) (3, 11, 28) 32808 45162 32808 42871
(3, 18, 23) (4, 7, 9) 32808 718 11730 30503
(3, 19, 21) (3, 9, 12) 32808 9262 32808 27469
(4, 7, 9) (3, 18, 23) 11730 30503 32808 718
(4, 13, 23) (14, 19, 22) 11730 53490 45162 9262
(4, 14, 20) (4, 11, 28) 11730 45162 11730 42871
(4, 19, 21) (4, 9, 12) 11730 9262 11730 27469
(5, 6, 8) (4, 9, 11) 53242 2194 11730 27469
(5, 7, 26) (2, 6, 12) 53242 30503 48990 2194
(5, 11, 28) (5, 14, 20) 53242 42871 53242 45162
(5, 14, 20) (5, 11, 28) 53242 45162 53242 42871
(5, 16, 20) (0, 24, 25) 53242 8238 29288 61823
(5, 19, 21) (5, 9, 12) 53242 9262 53242 27469
(6, 9, 12) (6, 19, 21) 2194 27469 2194 9262
(6, 9, 17) (1, 4, 8) 2194 27469 22293 11730
(6, 10, 29) (1, 11, 26) 2194 38804 22293 42871
(6, 11, 28) (6, 14, 20) 2194 42871 2194 45162
(6, 14, 17) (16, 25, 28) 2194 45162 8238 19095
(6, 19, 21) (6, 9, 12) 2194 9262 2194 27469
(6, 20, 28) (12, 18, 24) 2194 48726 39396 718
(6, 21, 23) (4, 5, 29) 2194 57603 11730 53242
(6, 21, 27) (12, 22, 29) 2194 57603 39396 46972
(7, 10, 28) (13, 19, 27) 30503 38804 53490 9262
(7, 11, 17) (4, 5, 12) 30503 42871 11730 53242
(7, 14, 20) (7, 11, 28) 30503 45162 30503 42871
(7, 18, 22) (10, 15, 19) 30503 718 38804 30127
(7, 19, 21) (7, 9, 12) 30503 9262 30503 27469
(8, 9, 12) (8, 19, 21) 26634 27469 26634 9262
(8, 11, 28) (8, 14, 20) 26634 42871 26634 45162
(8, 14, 29) (2, 22, 26) 26634 45162 48990 46972
(8, 15, 20) (13, 14, 26) 26634 30127 53490 45162
(8, 20, 29) (3, 4, 24) 26634 48726 32808 11730
(9, 10, 12) (10, 19, 21) 27469 38804 38804 9262
(9, 11, 14) (10, 21, 25) 27469 42871 38804 57603
(9, 11, 28) (9, 14, 20) 27469 42871 27469 45162
(9, 12, 15) (15, 19, 21) 27469 39396 30127 9262
(9, 12, 17) (17, 19, 21) 27469 39396 30994 9262
(9, 12, 18) (18, 19, 21) 27469 39396 718 9262
(9, 12, 20) (19, 20, 21) 27469 39396 9262 48726
(9, 12, 23) (19, 21, 23) 27469 39396 9262 57603
(9, 12, 24) (19, 21, 24) 27469 39396 9262 57603
(9, 12, 25) (19, 21, 25) 27469 39396 9262 57603
(9, 12, 26) (19, 21, 26) 27469 39396 9262 57603
(9, 12, 27) (19, 21, 27) 27469 39396 9262 57603
(9, 12, 28) (19, 21, 28) 27469 39396 9262 57603
(9, 13, 15) (0, 2, 3) 27469 53490 29288 48990
(9, 18, 23) (1, 3, 19) 27469 718 22293 32808
(10, 11, 14) (1, 22, 27) 38804 42871 22293 46972
(10, 11, 23) (19, 27, 28) 38804 42871 9262 57572
(10, 11, 28) (10, 14, 20) 38804 42871 38804 45162
(10, 15, 18) (1, 6, 14) 38804 30127 22293 2194
(10, 15, 22) (20, 23, 29) 38804 30127 48726 36176
(10, 20, 25) (2, 8, 29) 38804 48726 48990 26634
(10, 21, 25) (9, 11, 14) 38804 57603 27469 42871
(11, 12, 28) (12, 14, 20) 42871 39396 39396 45162
(11, 15, 28) (14, 15, 20) 42871 30127 45162 30127
(11, 16, 24) (3, 8, 13) 42871 8238 32808 26634
(11, 18, 28) (12, 16, 22) 42871 718 39396 8238
(11, 18, 28) (14, 18, 20) 42871 718 45162 718
(11, 19, 21) (9, 11, 12) 42871 9262 27469 42871
(11, 19, 28) (14, 19, 20) 42871 9262 45162 9262
(11, 21, 28) (14, 20, 21) 42871 57603 45162 48726
(11, 22, 28) (14, 20, 22) 42871 46972 45162 48726
(11, 24, 28) (14, 20, 24) 42871 61823 45162 48726
(11, 25, 28) (14, 20, 25) 42871 19095 45162 48726
(11, 26, 28) (14, 20, 26) 42871 6835 45162 48726
(11, 27, 28) (14, 20, 27) 42871 57572 45162 48726
(12, 19, 23) (1, 18, 24) 39396 9262 22293 718
(12, 22, 29) (6, 21, 27) 39396 46972 2194 57603
(13, 25, 28) (8, 12, 27) 53490 19095 26634 39396
(14, 15, 20) (11, 15, 28) 45162 30127 42871 30127
(14, 17, 20) (11, 17, 28) 45162 30994 42871 30994
(14, 18, 20) (11, 18, 28) 45162 718 42871 718
(14, 18, 20) (12, 16, 22) 45162 718 39396 8238
(14, 19, 20) (11, 19, 28) 45162 9262 42871 9262
(14, 19, 21) (9, 12, 14) 45162 9262 27469 39396
(14, 19, 28) (1, 22, 23) 45162 9262 22293 46972
(14, 20, 22) (11, 22, 28) 45162 48726 42871 46972
(14, 20, 23) (11, 23, 28) 45162 48726 42871 36176
(14, 20, 24) (11, 24, 28) 45162 48726 42871 61823
(14, 20, 25) (11, 25, 28) 45162 48726 42871 19095
(14, 20, 26) (11, 26, 28) 45162 48726 42871 6835
(14, 20, 27) (11, 27, 28) 45162 48726 42871 57572
(14, 20, 29) (11, 28, 29) 45162 48726 42871 51017
(15, 19, 21) (9, 12, 15) 30127 9262 27469 39396
(15, 22, 26) (3, 4, 12) 30127 46972 32808 11730
(15, 27, 29) (1, 10, 21) 30127 57572 22293 38804
(16, 19, 21) (9, 12, 16) 8238 9262 27469 39396
(16, 20, 25) (6, 11, 17) 8238 48726 2194 42871
(16, 25, 28) (6, 14, 17) 8238 19095 2194 45162
(17, 21, 23) (1, 2, 13) 30994 57603 22293 48990
(17, 21, 25) (2, 4, 22) 30994 57603 48990 11730
(18, 19, 21) (9, 12, 18) 718 9262 27469 39396
(18, 21, 23) (1, 3, 12) 718 57603 22293 32808
(19, 20, 21) (9, 12, 20) 9262 48726 27469 39396
(19, 21, 24) (9, 12, 24) 9262 57603 27469 39396
(19, 21, 26) (9, 12, 26) 9262 57603 27469 39396
(19, 21, 27) (9, 12, 27) 9262 57603 27469 39396
(19, 22, 29) (6, 9, 27) 9262 46972 2194 27469
(19, 23, 24) (0, 22, 29) 9262 36176 29288 46972
(20, 23, 29) (10, 15, 22) 48726 36176 38804 30127
(22, 25, 27) (5, 12, 29) 46972 19095 53242 39396
(23, 24, 26) (8, 10, 12) 36176 61823 26634 38804
0.07
(0, 2, 14) (7, 16, 25) 53623 30319 42037 53693
(0, 5, 21) (0, 4, 19) 53623 42688 53623 24984
(0, 8, 11) (7, 25, 27) 53623 5560 42037 11516
(0, 13, 29) (9, 11, 24) 53623 38603 43233 38670
(0, 18, 28) (16, 20, 26) 53623 50682 53693 21531
(1, 5, 21) (1, 4, 19) 63442 42688 63442 24984
(2, 4, 19) (2, 5, 21) 30319 24984 30319 42688
(2, 14, 27) (8, 11, 16) 30319 23304 5560 38670
(2, 19, 23) (3, 16, 24) 30319 55512 29590 53693
(2, 27, 29) (10, 11, 23) 30319 44300 28174 38670
(3, 5, 21) (3, 4, 19) 29590 42688 29590 24984
(4, 7, 15) (10, 12, 17) 24984 42037 28174 46751
(4, 7, 19) (5, 7, 21) 24984 42037 42688 42037
(4, 8, 19) (5, 8, 21) 24984 5560 42688 5560
(4, 9, 19) (5, 9, 21) 24984 43233 42688 43233
(4, 12, 19) (5, 12, 21) 24984 46751 42688 46751
(4, 18, 19) (5, 18, 21) 24984 50682 42688 50682
(4, 19, 20) (5, 20, 21) 24984 55512 42688 21531
(4, 19, 28) (5, 21, 28) 24984 55512 42688 37808
(5, 7, 21) (4, 7, 19) 42688 42037 24984 42037
(5, 9, 21) (4, 9, 19) 42688 43233 24984 43233
(5, 11, 21) (4, 11, 19) 42688 38670 24984 38670
(5, 12, 21) (4, 12, 19) 42688 46751 24984 46751
(5, 16, 21) (4, 16, 19) 42688 53693 24984 53693
(5, 17, 21) (4, 17, 19) 42688 52578 24984 52578
(5, 21, 27) (4, 19, 27) 42688 37808 24984 55512
(6, 11, 12) (1, 7, 8) 25618 38670 63442 42037
(6, 19, 24) (14, 18, 20) 25618 55512 23304 50682
(8, 11, 26) (0, 3, 29) 5560 38670 53623 29590
(8, 15, 27) (3, 10, 17) 5560 60482 29590 28174
(8, 15, 29) (12, 23, 25) 5560 60482 46751 11839
(8, 16, 29) (10, 14, 23) 5560 53693 28174 23304
(9, 19, 27) (11, 16, 18) 43233 55512 38670 53693
(9, 22, 23) (10, 11, 17) 43233 64350 28174 38670
(9, 22, 25) (4, 13, 19) 43233 64350 24984 38603
(9, 22, 25) (5, 13, 21) 43233 64350 42688 38603
(11, 13, 25) (5, 7, 29) 38670 38603 42688 42037
(13, 15, 29) (7, 14, 21) 38603 60482 42037 23304
(16, 20, 26) (0, 18, 28) 53693 21531 53623 50682
0.04
(0, 4, 23) (13, 18, 27) 19844 24790 37222 19145
(0, 6, 24) (2, 8, 28) 19844 49538 24323 5211
(0, 8, 19) (7, 9, 20) 19844 5211 29449 15046
(0, 11, 12) (3, 22, 23) 19844 63681 19251 26649
(0, 11, 13) (6, 16, 22) 19844 63681 49538 44560
(0, 11, 25) (2, 5, 23) 19844 63681 24323 7017
(1, 3, 7) (12, 21, 25) 30184 19251 15993 61458
(1, 5, 6) (7, 27, 29) 30184 7017 29449 41885
(1, 10, 24) (4, 13, 27) 30184 62780 24790 37222
(1, 14, 25) (5, 15, 21) 30184 61487 7017 24629
(1, 15, 23) (13, 16, 22) 30184 24629 37222 44560
(1, 17, 27) (10, 18, 23) 30184 63474 62780 19145
(1, 18, 24) (8, 23, 25) 30184 19145 5211 53618
(1, 22, 27) (3, 12, 17) 30184 26649 19251 15993
(2, 5, 10) (13, 18, 20) 24323 7017 37222 19145
(2, 5, 12) (3, 22, 25) 24323 7017 19251 26649
(2, 5, 23) (0, 11, 25) 24323 7017 19844 63681
(2, 6, 7) (4, 9, 17) 24323 49538 24790 15046
(2, 8, 27) (5, 20, 22) 24323 5211 7017 37753
(2, 8, 28) (0, 6, 24) 24323 5211 19844 49538
(2, 17, 18) (15, 16, 20) 24323 63474 24629 44560
(3, 4, 14) (17, 22, 29) 19251 24790 63474 26649
(3, 8, 28) (7, 18, 22) 19251 5211 29449 19145
(3, 10, 12) (17, 18, 29) 19251 62780 63474 19145
(3, 12, 17) (1, 22, 27) 19251 15993 30184 26649
(3, 13, 23) (6, 12, 16) 19251 37222 49538 15993
(3, 15, 29) (5, 9, 13) 19251 24629 7017 15046
(3, 16, 17) (9, 21, 28) 19251 44560 15046 61458
(3, 21, 25) (16, 22, 24) 19251 61458 44560 26649
(3, 22, 23) (0, 11, 12) 19251 26649 19844 63681
(3, 22, 25) (2, 5, 12) 19251 26649 24323 7017
(4, 6, 26) (18, 21, 22) 24790 49538 19145 61458
(4, 9, 17) (2, 6, 7) 24790 15046 24323 49538
(4, 13, 27) (1, 10, 24) 24790 37222 30184 62780
(4, 14, 18) (10, 12, 22) 24790 61487 62780 15993
(5, 6, 23) (14, 20, 24) 7017 49538 61487 37753
(5, 9, 13) (3, 15, 29) 7017 15046 19251 24629
(5, 15, 21) (1, 14, 25) 7017 24629 30184 61487
(5, 20, 22) (2, 8, 27) 7017 37753 24323 5211
(6, 8, 17) (18, 19, 27) 49538 5211 19145 57193
(6, 9, 11) (16, 26, 28) 49538 15046 44560 32924
(6, 11, 25) (13, 22, 28) 49538 63681 37222 26649
(6, 12, 16) (3, 13, 23) 49538 15993 19251 37222
(6, 16, 22) (0, 11, 13) 49538 44560 19844 63681
(6, 18, 20) (23, 24, 27) 49538 19145 53618 10933
(6, 22, 26) (16, 23, 24) 49538 26649 44560 53618
(6, 25, 27) (12, 21, 29) 49538 1433 15993 61458
(7, 9, 20) (0, 8, 19) 29449 15046 19844 5211
(7, 17, 20) (14, 15, 16) 29449 63474 61487 24629
(7, 18, 22) (3, 8, 28) 29449 19145 19251 5211
(7, 19, 23) (10, 12, 14) 29449 57193 62780 15993
(7, 27, 29) (1, 5, 6) 29449 41885 30184 7017
(8, 17, 24) (10, 25, 29) 5211 63474 62780 1433
(8, 23, 25) (1, 18, 24) 5211 53618 30184 19145
(9, 13, 22) (16, 25, 26) 15046 37222 44560 1433
(9, 14, 23) (0, 21, 28) 15046 61487 19844 61458
(9, 16, 21) (13, 19, 22) 15046 44560 37222 57193
(9, 21, 28) (3, 16, 17) 15046 61458 19251 44560
(9, 22, 26) (12, 19, 25) 15046 26649 15993 57193
(10, 12, 14) (7, 19, 23) 62780 15993 29449 57193
(10, 12, 22) (4, 14, 18) 62780 15993 24790 61487
(10, 18, 23) (1, 17, 27) 62780 19145 30184 63474
(10, 25, 29) (8, 17, 24) 62780 1433 5211 63474
(11, 21, 24) (17, 19, 29) 63681 61458 63474 57193
(11, 23, 24) (12, 21, 28) 63681 53618 15993 61458
(12, 19, 25) (9, 22, 26) 15993 57193 15046 26649
(12, 21, 25) (1, 3, 7) 15993 61458 30184 19251
(12, 21, 28) (11, 23, 24) 15993 61458 63681 53618
(12, 21, 29) (6, 25, 27) 15993 61458 49538 1433
(13, 15, 26) (19, 22, 24) 37222 24629 57193 26649
(13, 16, 22) (1, 15, 23) 37222 44560 30184 24629
(13, 18, 20) (2, 5, 10) 37222 19145 24323 7017
(13, 18, 27) (0, 4, 23) 37222 19145 19844 24790
(13, 19, 22) (9, 16, 21) 37222 57193 15046 44560
(13, 22, 28) (6, 11, 25) 37222 26649 49538 63681
(14, 15, 16) (7, 17, 20) 61487 24629 29449 63474
(14, 20, 24) (5, 6, 23) 61487 37753 7017 49538
(15, 16, 20) (2, 17, 18) 24629 44560 24323 63474
(16, 18, 20) (22, 26, 27) 44560 19145 26649 32924
(16, 22, 24) (3, 21, 25) 44560 26649 19251 61458
(16, 23, 24) (6, 22, 26) 44560 53618 49538 26649
(16, 25, 26) (9, 13, 22) 44560 1433 15046 37222
(16, 26, 28) (6, 9, 11) 44560 32924 49538 15046
(17, 18, 29) (3, 10, 12) 63474 19145 19251 62780
(17, 19, 29) (11, 21, 24) 63474 57193 63681 61458
(17, 22, 29) (3, 4, 14) 63474 26649 19251 24790
(18, 19, 27) (6, 8, 17) 19145 57193 49538 5211
(18, 21, 22) (4, 6, 26) 19145 61458 24790 49538
(19, 22, 24) (13, 15, 26) 57193 26649 37222 24629
(22, 26, 27) (16, 18, 20) 26649 32924 44560 19145
(23, 24, 27) (6, 18, 20) 53618 10933 49538 19145
0.05
(0, 1, 13, 14) (1, 4, 10, 14) 53315 6475 6475 54793
(0, 1, 13, 15) (1, 4, 10, 15) 53315 6475 6475 54793
(0, 1, 13, 17) (1, 4, 10, 17) 53315 6475 6475 54793
(0, 1, 13, 19) (1, 4, 10, 19) 53315 6475 6475 54793
(0, 2, 7, 13) (2, 4, 7, 10) 53315 25457 25457 54793
(0, 2, 13, 15) (2, 4, 10, 15) 53315 25457 25457 54793
(0, 2, 13, 16) (2, 4, 10, 16) 53315 25457 25457 54793
(0, 3, 9, 13) (3, 4, 9, 10) 53315 23307 23307 54793
(0, 3, 11, 13) (3, 4, 10, 11) 53315 23307 23307 54793
(0, 3, 13, 18) (3, 4, 10, 18) 53315 23307 23307 54793
(0, 3, 16, 17) (8, 10, 15, 19) 53315 23307 59576 29206
(0, 5, 7, 12) (1, 3, 18, 19) 53315 27241 6475 23307
(0, 5, 7, 13) (4, 5, 7, 10) 53315 27241 54793 27241
(0, 5, 8, 13) (4, 5, 8, 10) 53315 27241 54793 27241
(0, 5, 12, 13) (4, 5, 10, 12) 53315 27241 54793 27241
(0, 5, 13, 17) (4, 5, 10, 17) 53315 27241 54793 27241
(0, 6, 7, 13) (4, 6, 7, 10) 53315 30949 54793 30949
(0, 6, 13, 14) (4, 6, 10, 14) 53315 30949 54793 30949
(0, 6, 13, 15) (4, 6, 10, 15) 53315 30949 54793 30949
(0, 7, 8, 13) (4, 7, 8, 10) 53315 9470 54793 9470
(0, 7, 10, 13) (0, 3, 9, 17) 53315 9470 53315 23307
(0, 7, 11, 13) (4, 7, 10, 11) 53315 9470 54793 9470
(0, 7, 13, 14) (4, 7, 10, 14) 53315 9470 54793 9470
(0, 7, 13, 16) (8, 9, 15, 19) 53315 9470 59576 38127
(0, 8, 11, 13) (4, 8, 10, 11) 53315 59576 54793 59576
(0, 8, 13, 16) (4, 8, 10, 16) 53315 59576 54793 59576
(0, 9, 11, 13) (4, 9, 10, 11) 53315 38127 54793 38127
(0, 9, 13, 14) (4, 9, 10, 14) 53315 38127 54793 38127
(0, 9, 13, 17) (4, 9, 10, 17) 53315 38127 54793 38127
(0, 9, 13, 19) (4, 9, 10, 19) 53315 38127 54793 38127
(0, 11, 12, 13) (4, 10, 11, 12) 53315 51202 54793 29206
(0, 11, 13, 14) (4, 10, 11, 14) 53315 51202 54793 29206
(0, 11, 13, 19) (4, 10, 11, 19) 53315 51202 54793 29206
(0, 12, 13, 18) (4, 10, 12, 18) 53315 8342 54793 29206
(0, 12, 15, 19) (6, 13, 14, 18) 53315 8342 30949 30684
(0, 13, 14, 17) (4, 10, 14, 17) 53315 30684 54793 29206
(0, 13, 15, 17) (4, 10, 15, 17) 53315 30684 54793 29206
(0, 13, 15, 18) (4, 10, 15, 18) 53315 30684 54793 29206
(0, 13, 15, 19) (4, 10, 15, 19) 53315 30684 54793 29206
(0, 13, 16, 18) (4, 10, 16, 18) 53315 30684 54793 29206
(0, 13, 18, 19) (4, 10, 18, 19) 53315 30684 54793 29206
(1, 2, 3, 5) (6, 12, 17, 18) 6475 25457 30949 8342
(1, 2, 4, 10) (0, 1, 2, 13) 6475 25457 53315 6475
(1, 2, 8, 17) (4, 6, 14, 15) 6475 25457 54793 30949
(1, 3, 4, 10) (0, 1, 3, 13) 6475 23307 53315 6475
(1, 3, 6, 11) (8, 9, 12, 14) 6475 23307 59576 38127
(1, 3, 7, 8) (1, 11, 14, 18) 6475 23307 6475 51202
(1, 3, 18, 19) (0, 5, 7, 12) 6475 23307 53315 27241
(1, 4, 5, 10) (0, 1, 5, 13) 6475 54793 53315 6475
(1, 4, 9, 10) (0, 1, 9, 13) 6475 54793 53315 6475
(1, 4, 10, 11) (0, 1, 11, 13) 6475 54793 53315 6475
(1, 4, 10, 14) (0, 1, 13, 14) 6475 54793 53315 6475
(1, 4, 10, 15) (0, 1, 13, 15) 6475 54793 53315 6475
(1, 4, 10, 17) (0, 1, 13, 17) 6475 54793 53315 6475
(1, 4, 10, 18) (0, 1, 13, 18) 6475 54793 53315 6475
(1, 4, 10, 19) (0, 1, 13, 19) 6475 54793 53315 6475
(2, 4, 5, 10) (0, 2, 5, 13) 25457 54793 53315 25457
(2, 4, 7, 10) (0, 2, 7, 13) 25457 54793 53315 25457
(2, 4, 10, 11) (0, 2, 11, 13) 25457 54793 53315 25457
(2, 4, 10, 14) (0, 2, 13, 14) 25457 54793 53315 25457
(2, 4, 10, 17) (0, 2, 13, 17) 25457 54793 53315 25457
(2, 4, 10, 18) (0, 2, 13, 18) 25457 54793 53315 25457
(2, 4, 10, 19) (0, 2, 13, 19) 25457 54793 53315 25457
(2, 6, 11, 12) (0, 7, 15, 16) 25457 30949 53315 9470
(2, 6, 12, 18) (4, 6, 14, 16) 25457 30949 54793 30949
(2, 7, 10, 13) (2, 3, 9, 17) 25457 9470 25457 23307
(2, 11, 14, 18) (2, 3, 7, 8) 25457 51202 25457 23307
(3, 4, 5, 10) (0, 3, 5, 13) 23307 54793 53315 23307
(3, 4, 6, 10) (0, 3, 6, 13) 23307 54793 53315 23307
(3, 4, 10, 11) (0, 3, 11, 13) 23307 54793 53315 23307
(3, 4, 10, 16) (0, 3, 13, 16) 23307 54793 53315 23307
(3, 4, 10, 18) (0, 3, 13, 18) 23307 54793 53315 23307
(3, 5, 13, 19) (1, 4, 16, 17) 23307 27241 6475 54793
(3, 6, 7, 8) (6, 11, 14, 18) 23307 30949 30949 51202
(3, 7, 8, 12) (11, 12, 14, 18) 23307 9470 51202 8342
(3, 7, 8, 13) (11, 13, 14, 18) 23307 9470 51202 30684
(3, 7, 8, 16) (11, 14, 16, 18) 23307 9470 51202 5888
(3, 7, 8, 17) (11, 14, 17, 18) 23307 9470 51202 5888
(3, 9, 11, 17) (7, 10, 11, 13) 23307 38127 9470 29206
(3, 9, 12, 17) (7, 10, 12, 13) 23307 38127 9470 29206
(3, 9, 15, 17) (7, 10, 13, 15) 23307 38127 9470 29206
(4, 5, 9, 10) (0, 5, 9, 13) 54793 27241 53315 27241
(4, 5, 10, 16) (0, 5, 13, 16) 54793 27241 53315 27241
(4, 5, 10, 18) (0, 5, 13, 18) 54793 27241 53315 27241
(4, 5, 10, 19) (0, 5, 13, 19) 54793 27241 53315 27241
(4, 6, 9, 10) (0, 6, 9, 13) 54793 30949 53315 30949
(4, 6, 10, 11) (0, 6, 11, 13) 54793 30949 53315 30949
(4, 6, 10, 12) (0, 6, 12, 13) 54793 30949 53315 30949
(4, 6, 10, 19) (0, 6, 13, 19) 54793 30949 53315 30949
(4, 7, 8, 10) (0, 7, 8, 13) 54793 9470 53315 9470
(4, 7, 10, 14) (0, 7, 13, 14) 54793 9470 53315 9470
(4, 7, 10, 16) (0, 7, 13, 16) 54793 9470 53315 9470
(4, 7, 10, 16) (8, 9, 15, 19) 54793 9470 59576 38127
(4, 7, 10, 17) (0, 7, 13, 17) 54793 9470 53315 9470
(4, 7, 10, 18) (0, 7, 13, 18) 54793 9470 53315 9470
(4, 8, 10, 12) (0, 8, 12, 13) 54793 59576 53315 59576
(4, 8, 10, 15) (0, 8, 13, 15) 54793 59576 53315 59576
(4, 8, 10, 16) (0, 8, 13, 16) 54793 59576 53315 59576
(4, 8, 10, 17) (0, 8, 13, 17) 54793 59576 53315 59576
(4, 9, 10, 12) (0, 9, 12, 13) 54793 38127 53315 38127
(4, 9, 10, 16) (0, 9, 13, 16) 54793 38127 53315 38127
(4, 9, 10, 17) (0, 9, 13, 17) 54793 38127 53315 38127
(4, 10, 11, 15) (0, 11, 13, 15) 54793 29206 53315 51202
(4, 10, 11, 17) (0, 11, 13, 17) 54793 29206 53315 51202
(4, 10, 12, 16) (0, 12, 13, 16) 54793 29206 53315 8342
(4, 10, 12, 17) (0, 12, 13, 17) 54793 29206 53315 8342
(4, 10, 14, 18) (0, 13, 14, 18) 54793 29206 53315 30684
(4, 10, 15, 16) (0, 13, 15, 16) 54793 29206 53315 30684
(4, 10, 17, 19) (0, 13, 17, 19) 54793 29206 53315 30684
(4, 10, 18, 19) (0, 13, 18, 19) 54793 29206 53315 30684
(6, 10, 11, 19) (0, 4, 13, 14) 30949 29206 53315 54793
(7, 9, 14, 18) (5, 12, 15, 16) 9470 38127 27241 8342
(7, 10, 13, 15) (3, 9, 15, 17) 9470 29206 23307 38127
(7, 10, 13, 16) (3, 9, 16, 17) 9470 29206 23307 38127
(7, 11, 12, 19) (2, 6, 9, 15) 9470 51202 25457 30949
(10, 13, 17, 19) (2, 6, 7, 18) 29206 30684 25457 30949
(10, 16, 18, 19) (0, 4, 5, 15) 29206 45361 53315 54793
(11, 13, 14, 18) (3, 7, 8, 13) 51202 30684 23307 9470
(11, 14, 15, 18) (3, 7, 8, 15) 51202 5888 23307 9470
(11, 14, 17, 18) (3, 7, 8, 17) 51202 5888 23307 9470
(11, 14, 18, 19) (3, 7, 8, 19) 51202 5888 23307 9470
(13, 14, 16, 18) (5, 6, 11, 15) 30684 5888 27241 30949
